8.786574602127075195e-01
6.020241975784301758e-01
1.160075545310974121e+00
6.004265546798706055e-01
5.448014736175537109e-01
6.932846307754516602e-01
6.943073272705078125e-01
1.083902716636657715e+00
8.379613161087036133e-01
8.434602618217468262e-01
1.296733736991882324e+00
8.180799484252929688e-01
9.787575602531433105e-01
5.668390989303588867e-01
9.123535156250000000e-01
5.000974535942077637e-01
5.738573074340820312e-01
3.741524219512939453e-01
6.993448138236999512e-01
9.026612043380737305e-01
5.556079149246215820e-01
4.781859219074249268e-01
1.275498032569885254e+00
9.614530801773071289e-01
6.098015308380126953e-01
4.242191791534423828e+00
5.287921905517578125e+00
2.822429656982421875e+00
4.338841438293457031e+00
4.055460453033447266e+00
3.073145389556884766e+00
4.678437709808349609e+00
3.944080114364624023e+00
3.590989589691162109e+00
4.632664680480957031e+00
3.999400377273559570e+00
5.000562667846679688e+00
4.820093631744384766e+00
5.570749282836914062e+00
3.659424543380737305e+00
4.486352443695068359e+00
5.115575790405273438e+00
3.273250818252563477e+00
3.638644933700561523e+00
3.858284950256347656e+00
3.500246763229370117e+00
3.658644199371337891e+00
5.533132076263427734e+00
3.557038784027099609e+00
3.483197927474975586e+00
4.247225284576416016e+00
4.440116405487060547e+00
4.814000606536865234e+00
3.759312868118286133e+00
3.838483095169067383e+00
3.416771888732910156e+00
3.828862428665161133e+00
4.141537666320800781e+00
3.209220886230468750e+00
3.985181808471679688e+00
3.736613750457763672e+00
3.788889408111572266e+00
3.348932981491088867e+00
4.550561428070068359e+00
3.877514600753784180e+00
5.508076667785644531e+00
2.818185091018676758e+00
2.434574365615844727e+00
4.084215164184570312e+00
4.476696968078613281e+00
4.638576507568359375e+00
4.884376049041748047e+00
4.590795993804931641e+00
4.786914348602294922e+00
2.492180824279785156e+00
4.842893600463867188e+00
3.510488986968994141e+00
4.817333221435546875e+00
3.501748323440551758e+00
3.867489576339721680e+00
4.380268096923828125e+00
2.858558177947998047e+00
2.405474424362182617e+00
2.606564998626708984e+00
3.347389221191406250e+00
4.985901355743408203e+00
4.790296554565429688e+00
3.474480867385864258e+00
3.651555538177490234e+00
4.364888191223144531e+00
3.768471717834472656e+00
3.402466773986816406e+00
4.620824337005615234e+00
3.885878562927246094e+00
4.972028732299804688e+00
4.380405902862548828e+00
3.450280904769897461e+00
5.000815868377685547e+00
2.986909151077270508e+00
4.967960834503173828e+00
